227
4 26
5 27
6 27
7 27
8 27
9 4
9 27
10 4
10 5
10 26
10 27
11 3
11 4
11 5
11 6
11 15
11 16
11 26
12 2
12 3
12 4
12 5
12 6
12 7
12 8
12 9
12 10
12 11
12 12
12 13
12 14
12 15
12 16
12 17
12 18
12 19
12 20
12 24
12 25
12 26
13 2
13 3
13 4
13 5
13 6
13 7
13 8
13 9
13 10
13 11
13 12
13 13
13 14
13 15
13 16
13 17
13 18
13 19
13 20
13 21
13 22
13 23
13 24
13 25
14 2
14 3
14 4
14 5
14 6
14 7
14 8
14 9
14 10
14 11
14 12
14 13
14 14
14 15
14 16
14 17
14 18
14 19
14 20
14 21
14 22
14 23
14 24
15 6
15 7
15 8
15 9
15 10
15 11
15 12
15 13
15 14
15 15
15 16
15 17
15 18
15 19
15 20
15 21
15 22
15 23
15 24
15 25
16 7
16 8
16 9
16 10
16 11
16 12
16 13
16 14
16 15
16 16
16 17
16 18
16 19
16 20
16 21
16 22
16 23
16 24
16 25
17 7
17 8
17 9
17 10
17 11
17 12
17 13
17 14
17 15
17 16
17 17
17 18
17 19
17 20
17 21
17 22
17 23
17 24
17 25
18 7
18 8
18 9
18 10
18 11
18 12
18 13
18 14
18 15
18 16
18 17
18 18
18 19
18 20
18 21
18 22
18 23
18 24
18 25
19 8
19 9
19 10
19 11
19 12
19 13
19 19
19 20
19 21
19 22
19 23
19 24
19 25
19 26
20 8
20 9
20 10
20 12
20 13
20 14
20 20
20 21
20 22
20 23
20 24
20 25
20 26
20 27
21 7
21 8
21 9
21 13
21 14
21 22
21 23
21 24
21 26
21 27
22 7
22 8
22 13
22 14
22 22
22 23
22 24
22 26
22 27
23 6
23 7
23 14
23 22
23 23
23 26
24 6
24 14
24 21
24 22
24 26
25 4
25 5
25 13
25 14
25 26
373
5 27 6 27
6 27 7 27
7 27 8 27
8 27 9 27
9 4 10 4
9 27 10 27
10 4 10 5
10 4 11 4
10 5 11 5
10 26 10 27
10 26 11 26
11 3 11 4
11 3 12 3
11 4 11 5
11 4 12 4
11 5 11 6
11 5 12 5
11 6 12 6
11 15 11 16
11 15 12 15
11 16 12 16
11 26 12 26
12 2 12 3
12 2 13 2
12 3 12 4
12 3 13 3
12 4 12 5
12 4 13 4
12 5 12 6
12 5 13 5
12 6 12 7
12 6 13 6
12 7 12 8
12 7 13 7
12 8 12 9
12 8 13 8
12 9 12 10
12 9 13 9
12 10 12 11
12 10 13 10
12 11 12 12
12 11 13 11
12 12 12 13
12 12 13 12
12 13 12 14
12 13 13 13
12 14 12 15
12 14 13 14
12 15 12 16
12 15 13 15
12 16 12 17
12 16 13 16
12 17 12 18
12 17 13 17
12 18 12 19
12 18 13 18
12 19 12 20
12 19 13 19
12 20 13 20
12 24 12 25
12 24 13 24
12 25 12 26
12 25 13 25
13 2 13 3
13 2 14 2
13 3 13 4
13 3 14 3
13 4 13 5
13 4 14 4
13 5 13 6
13 5 14 5
13 6 13 7
13 6 14 6
13 7 13 8
13 7 14 7
13 8 13 9
13 8 14 8
13 9 13 10
13 9 14 9
13 10 13 11
13 10 14 10
13 11 13 12
13 11 14 11
13 12 13 13
13 12 14 12
13 13 13 14
13 13 14 13
13 14 13 15
13 14 14 14
13 15 13 16
13 15 14 15
13 16 13 17
13 16 14 16
13 17 13 18
13 17 14 17
13 18 13 19
13 18 14 18
13 19 13 20
13 19 14 19
13 20 13 21
13 20 14 20
13 21 13 22
13 21 14 21
13 22 13 23
13 22 14 22
13 23 13 24
13 23 14 23
13 24 13 25
13 24 14 24
14 2 14 3
14 3 14 4
14 4 14 5
14 5 14 6
14 6 14 7
14 6 15 6
14 7 14 8
14 7 15 7
14 8 14 9
14 8 15 8
14 9 14 10
14 9 15 9
14 10 14 11
14 10 15 10
14 11 14 12
14 11 15 11
14 12 14 13
14 12 15 12
14 13 14 14
14 13 15 13
14 14 14 15
14 14 15 14
14 15 14 16
14 15 15 15
14 16 14 17
14 16 15 16
14 17 14 18
14 17 15 17
14 18 14 19
14 18 15 18
14 19 14 20
14 19 15 19
14 20 14 21
14 20 15 20
14 21 14 22
14 21 15 21
14 22 14 23
14 22 15 22
14 23 14 24
14 23 15 23
14 24 15 24
15 6 15 7
15 7 15 8
15 7 16 7
15 8 15 9
15 8 16 8
15 9 15 10
15 9 16 9
15 10 15 11
15 10 16 10
15 11 15 12
15 11 16 11
15 12 15 13
15 12 16 12
15 13 15 14
15 13 16 13
15 14 15 15
15 14 16 14
15 15 15 16
15 15 16 15
15 16 15 17
15 16 16 16
15 17 15 18
15 17 16 17
15 18 15 19
15 18 16 18
15 19 15 20
15 19 16 19
15 20 15 21
15 20 16 20
15 21 15 22
15 21 16 21
15 22 15 23
15 22 16 22
15 23 15 24
15 23 16 23
15 24 15 25
15 24 16 24
15 25 16 25
16 7 16 8
16 7 17 7
16 8 16 9
16 8 17 8
16 9 16 10
16 9 17 9
16 10 16 11
16 10 17 10
16 11 16 12
16 11 17 11
16 12 16 13
16 12 17 12
16 13 16 14
16 13 17 13
16 14 16 15
16 14 17 14
16 15 16 16
16 15 17 15
16 16 16 17
16 16 17 16
16 17 16 18
16 17 17 17
16 18 16 19
16 18 17 18
16 19 16 20
16 19 17 19
16 20 16 21
16 20 17 20
16 21 16 22
16 21 17 21
16 22 16 23
16 22 17 22
16 23 16 24
16 23 17 23
16 24 16 25
16 24 17 24
16 25 17 25
17 7 17 8
17 7 18 7
17 8 17 9
17 8 18 8
17 9 17 10
17 9 18 9
17 10 17 11
17 10 18 10
17 11 17 12
17 11 18 11
17 12 17 13
17 12 18 12
17 13 17 14
17 13 18 13
17 14 17 15
17 14 18 14
17 15 17 16
17 15 18 15
17 16 17 17
17 16 18 16
17 17 17 18
17 17 18 17
17 18 17 19
17 18 18 18
17 19 17 20
17 19 18 19
17 20 17 21
17 20 18 20
17 21 17 22
17 21 18 21
17 22 17 23
17 22 18 22
17 23 17 24
17 23 18 23
17 24 17 25
17 24 18 24
17 25 18 25
18 7 18 8
18 8 18 9
18 8 19 8
18 9 18 10
18 9 19 9
18 10 18 11
18 10 19 10
18 11 18 12
18 11 19 11
18 12 18 13
18 12 19 12
18 13 18 14
18 13 19 13
18 14 18 15
18 15 18 16
18 16 18 17
18 17 18 18
18 18 18 19
18 19 18 20
18 19 19 19
18 20 18 21
18 20 19 20
18 21 18 22
18 21 19 21
18 22 18 23
18 22 19 22
18 23 18 24
18 23 19 23
18 24 18 25
18 24 19 24
18 25 19 25
19 8 19 9
19 8 20 8
19 9 19 10
19 9 20 9
19 10 19 11
19 10 20 10
19 11 19 12
19 12 19 13
19 12 20 12
19 13 20 13
19 19 19 20
19 20 19 21
19 20 20 20
19 21 19 22
19 21 20 21
19 22 19 23
19 22 20 22
19 23 19 24
19 23 20 23
19 24 19 25
19 24 20 24
19 25 19 26
19 25 20 25
19 26 20 26
20 8 20 9
20 8 21 8
20 9 20 10
20 9 21 9
20 12 20 13
20 13 20 14
20 13 21 13
20 14 21 14
20 20 20 21
20 21 20 22
20 22 20 23
20 22 21 22
20 23 20 24
20 23 21 23
20 24 20 25
20 24 21 24
20 25 20 26
20 26 20 27
20 26 21 26
20 27 21 27
21 7 21 8
21 7 22 7
21 8 21 9
21 8 22 8
21 13 21 14
21 13 22 13
21 14 22 14
21 22 21 23
21 22 22 22
21 23 21 24
21 23 22 23
21 24 22 24
21 26 21 27
21 26 22 26
21 27 22 27
22 7 22 8
22 7 23 7
22 13 22 14
22 14 23 14
22 22 22 23
22 22 23 22
22 23 22 24
22 23 23 23
22 26 22 27
22 26 23 26
23 6 23 7
23 6 24 6
23 14 24 14
23 22 23 23
23 22 24 22
23 26 24 26
24 14 25 14
24 21 24 22
24 26 25 26
25 4 25 5
25 13 25 14
